# Created by Octave 3.8.1, Sat May 23 22:28:37 2015 PDT <green@plume>
# name: A
# type: matrix
# rows: 21
# columns: 21
 0 -4.973799150320701e-14 3.999999999999829 23.70452017428283 77.65071278216658 189.8031228064848 387.6848904536611 700.1390484520462 1154.833550175164 1775.638914545566 2580.017210360462 3576.565048730061 4762.851052306765 6123.679901967411 7629.900740461316 9237.857884884939 10889.55713077053 12513.59228242073 14026.84494806213 15336.93725969852 16345.38327562461
 0 0 4 22.82535639108369 70.83281572999746 161.1496021388162 300.4133022449835 484.1348601170639 693.7708763999658 896.3633825577999 1047.213595499956 1095.555245348421 992.6563145999468 701.2878419708666 205.1346617949742 -483.448806416454 -1318.873015719927 -2222.168491495316 -3085.96894379985 -3784.645393021824 -4188.854381999826
 0 8.881784197001252e-16 4.000000000000004 21.38415658052084 60.21369211003874 119.4355401058227 183.7727291151613 224.3859030992164 206.4377356102931 102.0581709522753 -95.22272147806056 -359.8538737115336 -632.3964392270329 -829.2308294631209 -863.2216978637858 -670.9240684713559 -238.9215556720739 379.2351853465123 1062.662398674904 1642.748014594614 1940.735998527675
 0 0 4.000000000000001 19.41640786499874 46.83281572999748 72.36067977499791 70.24922359499624 17.30495168499708 -87.55417527999325 -210.7476707849887 -289.4427190999916 -257.5804865149862 -83.33126291999004 200.4133022449835 491.7445651649734 651.2461179749811 561.9937887599699 194.0789337049789 -357.9937887599694 -889.8234988699518 -1157.770876399966
 0 0 4.000000000000001 16.97056274847715 32.00000000000001 28.28427124746191 -11.99999999999999 -79.19595949289332 -128 -101.8233764908629 19.99999999999995 186.6761902332484 288.0000000000001 220.6173157302027 -27.99999999999984 -339.4112549695425 -512.0000000000001 -384.6660889654818 35.99999999999966 537.4011537017756 800.0000000000002
 0 0 4 14.10684605501935 17.16718427000253 -5.550291028515502 -48.4133022449836 -68.79997979237203 -21.77087639996638 80.82503578432534 152.7864045000421 98.78615484750884 -80.65631459994944 -250.030723519811 -233.1346617949795 16.65087308554634 326.8730157199225 414.1101247318694 133.9689437998489 -341.2612622004854 -611.1456180001683
 0 0 4 10.89577199374913 3.786307889961293 -24.5362072788654 -41.93680776514854 -5.217988214810876 68.23721270974747 88.28605875643095 -6.418065021812772 -139.0065893550328 -142.2163966927046 41.54177025930926 237.5779788141676 193.5963217156684 -109.4124667273891 -361.2540862397919 -230.538173874301 217.3044366698148 503.8464734729999
 0 0 4 7.41640786499874 -6.832815729997473 -27.6393202250021 -10.24922359499623 45.30495168499705 55.55417527999329 -30.74767078498861 -110.5572809000084 -37.58048651498619 131.3312629199899 148.4133022449837 -71.74456516497337 -248.7538820250189 -81.99378875996992 262.0789337049784 285.9937887599699 -129.8234988699517 -442.2291236000336
 0 2.775557561562891e-17 4 3.754427160965542 -13.65071278216737 -17.54710417433604 22.4791881963242 44.23857956578448 -21.50849849520786 -81.7810902504901 1.623576139406621 122.7876618116505 43.76178361296569 -155.3157140535584 -116.2570214117044 164.8121877567069 210.7768916289405 -136.9538196285876 -314.9691728627099 60.93631447249604 410.0342523747667
 0 0 4 1.469576158976824e-15 -16 -7.34788079488412e-15 36 2.057406622567553e-14 -64 -4.408728476930472e-14 100 2.957658663111556e-13 -144 1.664728753917514e-13 196 6.054209511218117e-13 -256 2.135735901554003e-13 324 1.060094024331885e-12 -400
 -0 -2.775557561562891e-17 4 -3.754427160965532 -13.65071278216738 17.54710417433602 22.47918819632427 -44.23857956578442 -21.50849849520802 81.78109025049004 1.623576139406925 -122.7876618116506 43.76178361296498 155.3157140535588 -116.2570214117035 -164.8121877567077 210.7768916289397 136.9538196285891 -314.9691728627093 -60.93631447249948 410.0342523747667
 -0 -5.551115123125783e-17 4 -7.416407864998738 -6.832815729997481 27.6393202250021 -10.2492235949962 -45.30495168499706 55.55417527999325 30.7476707849887 -110.5572809000084 37.58048651498601 131.33126291999 -148.4133022449835 -71.74456516497371 248.7538820250189 -81.99378875996939 -262.0789337049794 285.9937887599694 129.8234988699512 -442.2291236000336
 -0 0 4 -10.89577199374912 3.786307889961284 24.53620727886539 -41.93680776514852 5.217988214810769 68.23721270974751 -88.28605875643088 -6.418065021812701 139.0065893550328 -142.2163966927044 -41.54177025930958 237.5779788141677 -193.596321715668 -109.4124667273897 361.2540862397922 -230.5381738743002 -217.3044366698157 503.8464734729998
 -0 0 4 -14.10684605501935 17.16718427000252 5.550291028515524 -48.4133022449836 68.799979792372 -21.77087639996628 -80.82503578432559 152.786404500042 -98.78615484750891 -80.65631459994972 250.0307235198112 -233.1346617949791 -16.65087308554635 326.8730157199228 -414.1101247318684 133.9689437998461 341.2612622004847 -611.1456180001682
 -0 2.220446049250313e-16 4 -16.97056274847714 31.99999999999999 -28.28427124746184 -12.00000000000003 79.19595949289328 -128 101.8233764908626 20.00000000000053 -186.6761902332485 287.9999999999999 -220.6173157302022 -27.99999999999979 339.4112549695429 -511.9999999999998 384.6660889654807 36.0000000000022 -537.4011537017782 799.9999999999995
 -0 0 3.999999999999999 -19.41640786499874 46.83281572999747 -72.36067977499786 70.24922359499617 -17.30495168499696 -87.55417527999336 210.7476707849887 -289.4427190999915 257.5804865149858 -83.3312629199894 -200.4133022449841 491.7445651649737 -651.2461179749807 561.9937887599688 -194.0789337049772 -357.9937887599712 889.8234988699529 -1157.770876399966
 -0 0 4 -21.38415658052087 60.2136921100387 -119.4355401058225 183.772729115161 -224.385903099216 206.4377356102926 -102.0581709522748 -95.22272147806056 359.8538737115346 -632.3964392270341 829.23082946312 -863.221697863783 670.924068471352 -238.9215556720702 -379.2351853465145 1062.662398674905 -1642.748014594613 1940.735998527672
 -0 1.77635683940025e-15 3.999999999999993 -22.82535639108367 70.83281572999744 -161.1496021388162 300.4133022449834 -484.1348601170642 693.7708763999657 -896.3633825577999 1047.213595499956 -1095.55524534842 992.6563145999471 -701.28784197087 205.1346617949687 483.4488064164562 -1318.873015719925 2222.168491495311 -3085.968943799843 3784.645393021824 -4188.854381999826
 -0 1.4210854715202e-14 3.999999999999943 -23.70452017428283 77.65071278216703 -189.8031228064862 387.6848904536605 -700.1390484520467 1154.833550175165 -1775.638914545568 2580.017210360464 -3576.565048730063 4762.851052306747 -6123.679901967402 7629.900740461282 -9237.857884884901 10889.55713077045 -12513.59228242063 14026.84494806199 -15336.93725969834 16345.38327562437
 0 0 0 0 0 0 0 0 0 0 0 0 0 0 0 0 0 0 0 0 0
 0 0 0 0 0 0 0 0 0 0 0 0 0 0 0 0 0 0 0 0 0


